1 21
2 12
3 14
4 14
5 10
6 22
7 18
8 0
9 12
10 18
11 13
12 8
13 0
14 10
15 14
16 16
17 0
18 10
19 0
20 10
21 16
22 9
23 22
24 15
25 32
26 10
27 14
28 10
29 13
30 11
31 16
32 8
33 0
34 0
35 21
36 26
37 17
38 18
39 12
40 12
41 12
42 0
43 0
44 0
45 0
46 0
47 0
48 0
49 0
50 0
51 0
52 0
53 0
54 0
55 0
56 0
57 0
58 0
59 0
60 0
61 0
62 0
63 0
64 0
65 0
66 0
67 0
68 0
69 0
70 0
71 0
72 0
73 0
74 0
75 0
76 0
77 0
78 0
79 0
80 0
81 0
82 0
83 0
84 0
85 0
86 0
87 0
88 0
89 0
90 0
91 0
92 0
93 0
94 0
95 0
96 0
97 0
98 0
99 0
100 0
