10388 22000
10495 72000
10507 126000
10843 11600
10934 14400
10950 167400
10962 12000
10988 16000
11105 53400
11149 113400
11401 16800
11674 70400
11808 196000
12345 107200
12438 147000
12479 27800
12515 14100
12905 54400
12928 26000
12995 28200
13656 24200
13779 0
13949 72000
14248 166400
14348 0
15095 88000
15284 10400
15558 97200
15737 60000
15918 20500
15974 154400
16264 0
16549 0
16830 48000
17219 137400
17355 17800
17487 119400
18134 0
18167 140800
18184 106200
18529 216800
18736 96000
18836 0
18842 51600
18903 193600
18949 20500
19310 25900
19339 27300
19516 28800
19586 79800
20000 20900
20137 15700
20743 0
21073 60000
21105 10200
21119 23400
21210 27700
21252 64000
21415 111000
21582 21800
21781 160200
21824 238400
21929 100800
22075 0
22213 19000
22336 60000
22510 13700
22887 72000
23008 10000
23010 48000
23231 10000
23434 72000
23530 111600
23717 10600
24131 239200
24151 16100
24431 12000
24487 233600
24510 43200
24980 217600
25314 0
25359 0
25360 94400
25677 103800
25820 78400
25964 107400
26308 218400
26395 122400
26690 45000
26753 23100
26766 31200
26853 49600
26878 72000
26955 40000
27329 187200
27836 60000
27972 60000
28430 28100
28686 17600
29207 28700
29279 70400
29437 171200
29487 68000
29556 13900
29682 13100
29714 0
29892 47400
29904 0
29963 15600
30504 111600
30777 19500
30798 18500
30863 10000
30893 48000
31058 28200
31231 128800
31451 20900
31918 70400
31996 21600
32014 82400
33003 48000
33032 214200
33238 89600
33347 0
33366 18000
33534 81600
33724 0
33764 105000
33826 156800
33929 96000
34093 12000
34197 27300
34233 130200
34335 20000
34645 52800
34662 10900
34846 91800
34964 36800
35330 126400
35523 132800
35678 43200
35968 48000
36122 161400
36372 126400
37411 46200
37480 1153600
37891 18300
37973 127200
38317 78000
38358 22700
38522 18000
38551 15400
38696 0
38722 14700
38792 72000
39022 13300
39200 102400
39267 87600
39499 125400
39637 39200
39761 142400
40085 0
40406 48000
40461 18900
40585 17800
40830 61600
41078 48000
41384 210400
41386 0
41456 24600
41668 18000
41770 12700
41894 11200
42017 27700
42027 18000
42220 0
42357 212800
42423 168800
42603 288000
42616 32400
42837 22600
42848 72000
43023 76800
43181 117600
43266 20900
43476 20400
44038 16000
44627 15100
44774 97800
44777 15500
44878 21700
44931 21700
44938 19700
44978 68800
45156 28200
45255 72000
45394 16000
45731 25900
46063 133200
46422 22200
46529 70400
46543 13400
46616 81600
46812 139800
47026 63000
47057 96000
47371 72000
47376 0
47751 0
47897 79800
47997 134400
48105 23600
48143 97200
48154 29900
48240 60000
48271 12300
48665 48000
48855 15200
48979 216000
49395 28400
49645 0
49650 70400
49755 185600
49774 35200
49812 15400
50005 70400
50050 87000
50266 27900
50317 123200
50751 72000
51465 89600
51673 18900
51683 101600
51751 69600
51755 148800
51977 11000
52112 27400
52447 0
52604 240000
52699 18900
52953 52800
53090 0
53390 0
53486 132800
53590 26200
53663 48800
53715 0
53817 0
53875 23200
53972 144000
54115 16900
54143 103200
54168 192000
54208 222400
54361 156800
54400 95400
54530 233300
54785 14000
55311 56000
55328 0
55384 126400
55517 102000
55574 31200
55715 20900
55875 29000
56227 28100
56255 11100
56492 10000
56516 16500
56569 70400
56788 102600
57189 64000
57251 70400
57428 57600
57449 15800
57698 36000
57843 162400
58014 374400
58029 0
58059 57600
58151 150600
58259 130800
58481 118200
58947 165000
59091 43800
59222 24900
59411 144000
59646 26000
59801 563200
59966 29700
60444 0
60493 12100
60544 96000
60792 213600
60822 249100
60981 10000
60989 25100
61002 640000
61287 95400
61324 91800
61579 26500
61596 26600
61685 21000
61735 162400
61870 44400
61923 96600
62464 144800
62636 36800
62766 70400
62874 70400
62945 25300
63031 177000
63220 17200
63332 0
63654 222400
63761 70400
63774 204000
63943 132800
64569 0
64661 47400
64784 16000
64927 10000
65000 61600
65118 260600
65151 48000
65422 145200
65543 21900
65718 43200
65864 24900
66069 97800
66309 164400
66343 141000
66477 12100
66550 14700
66676 21400
66750 64000
66772 127200
66775 81600
67060 0
67071 0
67446 65600
67529 123200
67657 16000
68361 21900
68371 24200
68396 150600
68434 174400
68468 18800
68826 23400
68881 23300
69059 27100
69089 131400
69117 94800
69341 124800
69728 52200
69990 60000
70573 0
71181 26400
71212 20900
71567 36800
71612 60000
71812 22700
72172 168800
72278 20200
72311 149600
72401 31800
73011 70400
73098 11600
73457 19100
73683 10000
73760 130800
73799 212000
73850 204000
73907 14500
73916 98400
74143 100000
74346 29700
74410 35400
74609 178400
74835 131200
74853 384000
75008 174000
75202 102000
75338 231200
75622 26700
75738 14200
75797 20200
76032 12000
76050 79200
76092 140000
76160 19500
76469 48000
76500 15100
76707 64000
77296 116000
77577 16600
77670 20700
77863 147200
77877 38400
77884 124000
78384 64800
78743 13500
78747 76000
79028 21300
79197 27400
79263 15500
79359 17800
79906 12300
79963 70400
80018 147200
80181 14700
80427 87600
80744 47400
80884 13500
81116 12700
81223 11200
81381 17900
81463 72800
81752 0
82049 48000
82501 0
82629 144800
82727 28800
82776 12000
82851 48000
82966 58400
83360 15400
83397 11100
83426 109200
83904 196000
84103 33600
84226 214400
84317 14800
84449 64000
84496 0
84515 0
85165 24000
85243 0
85448 70800
85799 174400
85862 104800
86017 19200
86379 0
86387 45600
86409 238400
86719 17300
86861 225600
86885 181600
87011 114400
87083 147600
87182 13100
87398 68400
87586 149400
88380 19200
88414 29900
88594 169200
88798 37200
89060 28200
90011 219200
90017 0
90127 10000
90136 171600
90151 28500
90193 154200
90309 20000
90356 80000
90558 22400
90561 16800
90734 60000
90775 68400
90844 96000
91002 212000
91293 176400
91330 25200
91608 64000
91970 43200
92210 15200
92673 161600
92905 181600
93085 36000
93340 134400
93456 13700
93601 150600
93666 120600
93671 96000
93834 104000
93891 0
94067 28600
94228 96000
94360 16300
95126 37600
95158 17500
95645 0
95718 96000
95826 10000
95959 48000
96094 18100
96179 11900
96321 25200
96368 10900
96552 28800
96867 16100
97052 74400
97353 188800
97446 0
97489 91800
97519 0
97701 21000
97723 150400
97812 67200
97969 0
97993 0
98137 11200
98196 18800
98489 84000
98769 72000
98791 113400
99795 0
99986 151800
